% load_colormap
function cmap = load_colormap

cmap = [0.4000 0.6000 1.0000; 0.4000 0.6000 1.0000; 0.4000 0.6000 1.0000; 0.4000 0.6000 1.0000; 0.4000 0.6000 1.0000; ...
     0.4000 0.6000 1.0000; 0.4000 0.6000 1.0000; 0.4000 0.6000 1.0000; 0.7294 0.8314 0.9569; 0.7294 0.8314 0.9569; ...
     0.7294 0.8314 0.9569; 0.7294 0.8314 0.9569; 0.7294 0.8314 0.9569; 0.7294 0.8314 0.9569; 0.7294 0.8314 0.9569; ...
     0.8039 0.8784 0.9686; 0.8039 0.8784 0.9686; 0.8039 0.8784 0.9686; 0.8039 0.8784 0.9686; 0.8039 0.8784 0.9686; ...
     0.8039 0.8784 0.9686; 0.8039 0.8784 0.9686; 0.9725 0.9725 0.9725; 0.9725 0.9725 0.9725; 0.9725 0.9725 0.9725; ...
     0.9725 0.9725 0.9725; 0.9725 0.9725 0.9725; 0.9725 0.9725 0.9725; 0.9333 0.9333 0.9333; 0.9278 0.9278 0.9278; ...
     0.9224 0.9224 0.9224; 0.9169 0.9169 0.9169; 0.9114 0.9114 0.9114; 0.9059 0.9059 0.9059; 0.8627 0.8627 0.8627; ...
     0.8627 0.8627 0.8627; 0.8627 0.8627 0.8627; 0.8627 0.8627 0.8627; 0.8627 0.8627 0.8627; 0.8627 0.8627 0.8627; ...
     0.8000 0.8000 0.8000; 0.8000 0.8000 0.8000; 0.8000 0.8000 0.8000; 0.8000 0.8000 0.8000; 0.8000 0.8000 0.8000; ...
     0.8000 0.8000 0.8000; 1.0000 0.6000 0.6000; 1.0000 0.6000 0.6000; 1.0000 0.6000 0.6000; 1.0000 0.6000 0.6000; ...
     1.0000 0.6000 0.6000; 1.0000 0.6000 0.6000; 1.0000 0.4000 0.4000; 1.0000 0.4000 0.4000; 1.0000 0.4000 0.4000; ...
     1.0000 0.4000 0.4000; 1.0000 0.4000 0.4000; 1.0000 0.4000 0.4000; 1.0000 0 0; 1.0000 0 0; ...
     1.0000 0 0; 1.0000 0 0; 1.0000 0 0; 1.0000 0 0];
end